[gd_scene format=3 uid="uid://clgl7ta0h7i3s"]

[ext_resource type="Script" uid="uid://bnt7brlt3uhf8" path="res://common/adjustable_world_environment.gd" id="1_fmfip"]
[ext_resource type="PackedScene" uid="uid://60mxtlvkhokn" path="res://levels/player.tscn" id="1_l8fd2"]
[ext_resource type="PackedScene" uid="uid://dx584u8f753ar" path="res://models/footballfield.tscn" id="2_tgs3m"]
[ext_resource type="PackedScene" uid="uid://bnqejtj2hra7y" path="res://models/pole_with_rope.tscn" id="3_hug2p"]
[ext_resource type="PackedScene" uid="uid://id5rsli7nb2k" path="res://models/darts.tscn" id="5_n65dn"]
[ext_resource type="PackedScene" uid="uid://b0audvejqhoda" path="res://models/bowling.tscn" id="6_t82x7"]
[ext_resource type="PackedScene" uid="uid://yoxqgttwifba" path="res://models/minigolf.tscn" id="7_eov81"]
[ext_resource type="PackedScene" uid="uid://rqls0c4hmkev" path="res://ui/sportscounting/sports_counting.tscn" id="8_sso3a"]
[ext_resource type="PackedScene" uid="uid://dj1t8bso4a2ms" path="res://models/divider.blend" id="9_p5ucv"]
[ext_resource type="PackedScene" uid="uid://dmyp804sexrd7" path="res://models/turnstile.tscn" id="10_7af4h"]

[sub_resource type="ProceduralSkyMaterial" id="ProceduralSkyMaterial_n65dn"]
sky_horizon_color = Color(0.66224277, 0.6717428, 0.6867428, 1)
ground_horizon_color = Color(0.66224277, 0.6717428, 0.6867428, 1)

[sub_resource type="Sky" id="Sky_t82x7"]
sky_material = SubResource("ProceduralSkyMaterial_n65dn")

[sub_resource type="Environment" id="Environment_eov81"]
background_mode = 2
sky = SubResource("Sky_t82x7")
adjustment_enabled = true

[sub_resource type="BoxMesh" id="BoxMesh_aacfw"]
size = Vector3(30, 0.1, 30)

[sub_resource type="BoxShape3D" id="BoxShape3D_l8fd2"]
size = Vector3(30, 0.1, 30)

[sub_resource type="BoxShape3D" id="BoxShape3D_kjfgv"]
size = Vector3(1.5, 2.2, 0.1)

[node name="Sports Counting Room" type="Node3D" unique_id=2147399738]

[node name="DirectionalLight3D" type="DirectionalLight3D" parent="." unique_id=894114419]
transform = Transform3D(-0.8660254, -0.43301278, 0.25, 0, 0.49999997, 0.86602545, -0.50000006, 0.75, -0.43301266, 0, 0, 0)
shadow_enabled = true

[node name="WorldEnvironment" type="WorldEnvironment" parent="." unique_id=1721554002]
environment = SubResource("Environment_eov81")
script = ExtResource("1_fmfip")

[node name="Floor" type="MeshInstance3D" parent="." unique_id=134157142]
transform = Transform3D(1, 0, 0, 0, 1, 0, 0, 0, 1, 0, -0.05, 0)
mesh = SubResource("BoxMesh_aacfw")

[node name="StaticBody3D" type="StaticBody3D" parent="Floor" unique_id=63562460]

[node name="CollisionShape3D" type="CollisionShape3D" parent="Floor/StaticBody3D" unique_id=769940346]
shape = SubResource("BoxShape3D_l8fd2")

[node name="Player" parent="." unique_id=1942068578 instance=ExtResource("1_l8fd2")]
transform = Transform3D(1, 0, 0, 0, 1, 0, 0, 0, 1, 0, 0, 9.80207)

[node name="footballfield" parent="." unique_id=1849199711 instance=ExtResource("2_tgs3m")]
transform = Transform3D(0.97673637, 0, 0.21444365, 0, 1, 0, -0.21444365, 0, 0.97673637, -11.345123, 0.01999998, 4.309469)

[node name="pole_with_rope" parent="footballfield" unique_id=1189923521 instance=ExtResource("3_hug2p")]
transform = Transform3D(-0.99766076, 0, 0.068359315, 0, 1, 0, -0.068359315, 0, -0.99766076, -3.6991796, -0.01999998, 3.8261178)

[node name="pole_with_rope2" parent="footballfield" unique_id=532516220 instance=ExtResource("3_hug2p")]
transform = Transform3D(-0.9977616, 0, 0.06687039, 0, 1, 0, -0.06687039, 0, -0.9977616, -1.7137032, -0.01999998, 3.971245)

[node name="pole_with_rope3" parent="footballfield" unique_id=1027402731 instance=ExtResource("3_hug2p")]
transform = Transform3D(-0.97309893, 0, -0.23038784, 0, 1, 0, 0.23038784, 0, -0.97309893, 0.27690506, -0.01999998, 4.1022844)

[node name="pole_with_rope4" parent="footballfield" unique_id=1120096099 instance=ExtResource("3_hug2p")]
transform = Transform3D(-0.3247579, 0, -0.9457972, 0, 1, 0, 0.9457972, 0, -0.3247579, 2.1885586, -0.01999998, 3.608504)

[node name="pole_with_rope5" parent="footballfield" unique_id=275312385 instance=ExtResource("3_hug2p")]
transform = Transform3D(-0.021439984, 0, -0.9997701, 0, 1, 0, 0.9997701, 0, -0.021439984, 2.8202782, -0.01999998, 1.7302952)

[node name="pole_with_rope6" parent="footballfield" unique_id=1251581555 instance=ExtResource("3_hug2p")]
transform = Transform3D(0.22300845, 0, -0.97481656, 0, 1, 0, 0.97481656, 0, 0.22300845, 2.8630247, -0.02000022, -0.25149977)

[node name="pole_with_rope7" parent="footballfield" unique_id=1096978343 instance=ExtResource("3_hug2p")]
transform = Transform3D(0.43274033, 0, -0.90151876, 0, 1, 0, 0.90151876, 0, 0.43274033, 2.4134226, -0.02000022, -2.1891356)

[node name="pole_with_rope8" parent="footballfield" unique_id=1465864039 instance=ExtResource("3_hug2p")]
transform = Transform3D(0.9746207, 0, -0.22386308, 0, 1, 0, 0.22386308, 0, 0.9746207, 1.5261612, -0.02000022, -3.9557729)

[node name="pole_with_rope9" parent="footballfield" unique_id=929850515 instance=ExtResource("3_hug2p")]
transform = Transform3D(0.98778534, 0, 0.1558216, 0, 1, 0, -0.1558216, 0, 0.98778534, -0.40653133, -0.02000022, -4.389898)

[node name="pole_with_rope10" parent="footballfield" unique_id=1683777801 instance=ExtResource("3_hug2p")]
transform = Transform3D(0.98778534, 0, 0.1558216, 0, 1, 0, -0.1558216, 0, 0.98778534, -2.3768044, -0.02000022, -4.0822663)

[node name="Rope" parent="footballfield/pole_with_rope10/Pole" parent_id_path=PackedInt32Array(1683777801, 2049153138) index="0" unique_id=466324247]
visible = false

[node name="darts" parent="." unique_id=987914503 instance=ExtResource("5_n65dn")]
transform = Transform3D(1, 0, 0, 0, 1, 0, 0, 0, 1, 0.81344604, 0, -4.6478987)

[node name="pole_with_rope11" parent="darts" unique_id=2044311395 instance=ExtResource("3_hug2p")]
transform = Transform3D(-0.73690915, 0, 0.6759918, 0, 1, 0, -0.6759918, 0, -0.73690915, -3.1517591, 0, 0.013518333)

[node name="pole_with_rope12" parent="darts" unique_id=1887967087 instance=ExtResource("3_hug2p")]
transform = Transform3D(-0.9982819, 0, 0.058594003, 0, 1, 0, -0.058594003, 0, -0.9982819, -1.6750226, 0, 1.3322506)

[node name="pole_with_rope13" parent="darts" unique_id=2026900133 instance=ExtResource("3_hug2p")]
transform = Transform3D(-0.9772885, 0, -0.21191335, 0, 1, 0, 0.21191335, 0, -0.9772885, 0.3272996, 0, 1.4586792)

[node name="pole_with_rope14" parent="darts" unique_id=2009487652 instance=ExtResource("3_hug2p")]
transform = Transform3D(-0.8521329, 0, -0.5233255, 0, 1, 0, 0.5233255, 0, -0.8521329, 2.2739058, 0, 1.0210009)

[node name="pole_with_rope15" parent="darts" unique_id=1806431306 instance=ExtResource("3_hug2p")]
transform = Transform3D(-0.8521329, 0, -0.5233255, 0, 1, 0, 0.5233255, 0, -0.8521329, 3.982955, 0, -0.008257866)

[node name="Rope" parent="darts/pole_with_rope15/Pole" parent_id_path=PackedInt32Array(1806431306, 2049153138) index="0" unique_id=466324247]
visible = false

[node name="bowling" parent="." unique_id=55571575 instance=ExtResource("6_t82x7")]
transform = Transform3D(-0.9758314, 0, -0.21852481, 0, 1, 0, 0.21852481, 0, -0.9758314, 8.341561, 0.1831668, -0.17704868)

[node name="pole_with_rope16" parent="bowling" unique_id=833240853 instance=ExtResource("3_hug2p")]
transform = Transform3D(-0.9968267, 0, -0.07960275, 0, 1, 0, 0.07960275, 0, -0.9968267, -1.0803843, -0.1831668, -1.4195459)

[node name="pole_with_rope17" parent="bowling" unique_id=1203360907 instance=ExtResource("3_hug2p")]
transform = Transform3D(-0.9995789, 0, 0.029026747, 0, 1, 0, -0.029026747, 0, -0.9995789, 0.91027546, -0.1831668, -1.5710881)

[node name="pole_with_rope18" parent="bowling" unique_id=1408691407 instance=ExtResource("3_hug2p")]
transform = Transform3D(-0.6432119, 0, 0.765689, 0, 1, 0, -0.765689, 0, -0.6432119, 2.8799396, -0.1831668, -1.4872324)

[node name="pole_with_rope19" parent="bowling" unique_id=708756957 instance=ExtResource("3_hug2p")]
transform = Transform3D(0.50601196, 0, 0.8625272, 0, 1, 0, -0.8625272, 0, 0.50601196, 4.1091385, -0.18316692, 0.043957353)

[node name="pole_with_rope20" parent="bowling" unique_id=1723988776 instance=ExtResource("3_hug2p")]
transform = Transform3D(0.9999195, 0, 0.012749344, 0, 1, 0, -0.012749344, 0, 0.9999195, 3.0768843, -0.18316692, 1.7233045)

[node name="pole_with_rope21" parent="bowling" unique_id=1728059818 instance=ExtResource("3_hug2p")]
transform = Transform3D(0.989987, 0, -0.14116317, 0, 1, 0, 0.14116317, 0, 0.989987, 1.0784221, -0.18316692, 1.7433621)

[node name="pole_with_rope22" parent="bowling" unique_id=935562007 instance=ExtResource("3_hug2p")]
transform = Transform3D(0.989987, 0, -0.14116317, 0, 1, 0, 0.14116317, 0, 0.989987, -0.8988962, -0.18316704, 1.4671354)

[node name="Rope" parent="bowling/pole_with_rope22/Pole" parent_id_path=PackedInt32Array(935562007, 2049153138) index="0" unique_id=466324247]
visible = false

[node name="minigolf" parent="." unique_id=167255314 instance=ExtResource("7_eov81")]
transform = Transform3D(-0.8186985, 0, -0.5742236, 0, 1, 0, 0.5742236, 0, -0.8186985, -3.592351, 0.15000191, 2.529317)

[node name="pole_with_rope11" parent="minigolf" unique_id=1464479405 instance=ExtResource("3_hug2p")]
transform = Transform3D(0.8942937, 0, -0.44748044, 0, 1, 0, 0.44748044, 0, 0.8942937, 1.4515042, -0.15000191, -3.0436976)

[node name="pole_with_rope12" parent="minigolf" unique_id=469008321 instance=ExtResource("3_hug2p")]
transform = Transform3D(0.99861693, 0, 0.052574515, 0, 1, 0, -0.052574515, 0, 0.99861693, -0.33818388, -0.15000191, -3.9180815)

[node name="pole_with_rope13" parent="minigolf" unique_id=1684137628 instance=ExtResource("3_hug2p")]
transform = Transform3D(0.673682, 0, 0.73902124, 0, 1, 0, -0.73902124, 0, 0.673682, -2.3195038, -0.15000191, -3.7886071)

[node name="pole_with_rope14" parent="minigolf" unique_id=1849440950 instance=ExtResource("3_hug2p")]
transform = Transform3D(-0.5798787, 0, 0.81470287, 0, 1, 0, -0.81470287, 0, -0.5798787, -3.60644, -0.15000191, -2.3112292)

[node name="pole_with_rope15" parent="minigolf" unique_id=323196848 instance=ExtResource("3_hug2p")]
transform = Transform3D(-0.3405595, 0, 0.9402231, 0, 1, 0, -0.9402231, 0, -0.3405595, -2.4636855, -0.15000191, -0.6809816)

[node name="pole_with_rope16" parent="minigolf" unique_id=1855265629 instance=ExtResource("3_hug2p")]
transform = Transform3D(0.03656599, 0, 0.99933136, 0, 1, 0, -0.99933136, 0, 0.03656599, -1.8042781, -0.15000191, 1.1943903)

[node name="pole_with_rope17" parent="minigolf" unique_id=1949727111 instance=ExtResource("3_hug2p")]
transform = Transform3D(-0.35769087, 0, 0.93384016, 0, 1, 0, -0.93384016, 0, -0.35769087, -1.867883, -0.15000191, 3.1828642)

[node name="pole_with_rope18" parent="minigolf" unique_id=1694554512 instance=ExtResource("3_hug2p")]
transform = Transform3D(-0.85109425, 0, 0.5250136, 0, 1, 0, -0.5250136, 0, -0.85109425, -1.1290233, -0.15000191, 5.017066)

[node name="pole_with_rope19" parent="minigolf" unique_id=702441707 instance=ExtResource("3_hug2p")]
transform = Transform3D(-0.51517385, 0, -0.85708606, 0, 1, 0, 0.85708606, 0, -0.51517385, 0.55229855, -0.1457456, 6.0025597)

[node name="pole_with_rope20" parent="minigolf" unique_id=1068536654 instance=ExtResource("3_hug2p")]
transform = Transform3D(0.021158278, 0, -0.9997765, 0, 1, 0, 0.9997765, 0, 0.021158278, 1.6024351, -0.1500018, 4.282912)

[node name="pole_with_rope21" parent="minigolf" unique_id=345957409 instance=ExtResource("3_hug2p")]
transform = Transform3D(0.15629122, 0, -0.9877111, 0, 1, 0, 0.9877111, 0, 0.15629122, 1.5517378, -0.1500018, 2.285716)

[node name="pole_with_rope22" parent="minigolf" unique_id=1885936770 instance=ExtResource("3_hug2p")]
transform = Transform3D(-0.56343204, 0, -0.8261627, 0, 1, 0, 0.8261627, 0, -0.56343204, 1.2640076, -0.15000203, 0.3229215)

[node name="pole_with_rope23" parent="minigolf" unique_id=1134459308 instance=ExtResource("3_hug2p")]
transform = Transform3D(0.47416985, 0, -0.8804335, 0, 1, 0, 0.8804335, 0, 0.47416985, 2.3441486, -0.15000167, -1.3388505)

[node name="SportsCounting" parent="." unique_id=937896505 node_paths=PackedStringArray("player") instance=ExtResource("8_sso3a")]
player = NodePath("../Player")

[node name="Solution Area" type="Node3D" parent="." unique_id=1529651630]
transform = Transform3D(-4.371139e-08, 0, -1, 0, 1, 0, 1, 0, -4.371139e-08, 6.6415234, -1.8849969e-06, 8.975518)

[node name="divider" parent="Solution Area" unique_id=1381177483 instance=ExtResource("9_p5ucv")]
transform = Transform3D(-4.371139e-08, 0, 1, 0, 1, 0, -1, 0, -4.371139e-08, -0.6999998, 0, 1.7000002)

[node name="divider8" parent="Solution Area" unique_id=2091619126 instance=ExtResource("9_p5ucv")]
transform = Transform3D(-4.371139e-08, 0, 1, 0, 1, 0, -1, 0, -4.371139e-08, 0.70000076, 0, 0.8000002)

[node name="divider9" parent="Solution Area" unique_id=1326223464 instance=ExtResource("9_p5ucv")]
transform = Transform3D(-4.371139e-08, 0, 1, 0, 1, 0, -1, 0, -4.371139e-08, 0.70000076, 0, 2.3000002)

[node name="divider3" parent="Solution Area" unique_id=1380753188 instance=ExtResource("9_p5ucv")]
transform = Transform3D(-4.371139e-08, 0, 1, 0, 1, 0, -1, 0, -4.371139e-08, -2.2999997, 0, 0.7000003)

[node name="divider7" parent="Solution Area" unique_id=2082903991 instance=ExtResource("9_p5ucv")]
transform = Transform3D(-4.371139e-08, 0, 1, 0, 1, 0, -1, 0, -4.371139e-08, -3.6, 0, 1.7000005)

[node name="divider2" parent="Solution Area" unique_id=172036255 instance=ExtResource("9_p5ucv")]
transform = Transform3D(1, 0, 0, 0, 1, 0, 0, 0, 1, -1.4000001, 0, 2.5000005)

[node name="divider5" parent="Solution Area" unique_id=636054791 instance=ExtResource("9_p5ucv")]
transform = Transform3D(1, 0, 0, 0, 1, 0, 0, 0, 1, -2.9, 0, 2.5000002)

[node name="divider4" parent="Solution Area" unique_id=1403645462 instance=ExtResource("9_p5ucv")]
transform = Transform3D(1, 0, 0, 0, 1, 0, 0, 0, 1, -1.5, 0, 2.3841858e-07)

[node name="divider6" parent="Solution Area" unique_id=2087139000 instance=ExtResource("9_p5ucv")]

[node name="StaticBody3D" type="StaticBody3D" parent="Solution Area" unique_id=629708377]

[node name="CollisionShape3D" type="CollisionShape3D" parent="Solution Area/StaticBody3D" unique_id=1173932059]
transform = Transform3D(1, 0, 0, 0, 1, 0, 0, 0, 1, 0, 1.1, 0)
shape = SubResource("BoxShape3D_kjfgv")

[node name="CollisionShape3D2" type="CollisionShape3D" parent="Solution Area/StaticBody3D" unique_id=609608971]
transform = Transform3D(1, 0, 0, 0, 1, 0, 0, 0, 1, -1.5, 1.1, 0)
shape = SubResource("BoxShape3D_kjfgv")

[node name="CollisionShape3D3" type="CollisionShape3D" parent="Solution Area/StaticBody3D" unique_id=1857930942]
transform = Transform3D(1, 0, 0, 0, 1, 0, 0, 0, 1, -1.4000001, 1.1, 2.5)
shape = SubResource("BoxShape3D_kjfgv")

[node name="CollisionShape3D4" type="CollisionShape3D" parent="Solution Area/StaticBody3D" unique_id=2014726452]
transform = Transform3D(1, 0, 0, 0, 1, 0, 0, 0, 1, -2.9, 1.1, 2.5000002)
shape = SubResource("BoxShape3D_kjfgv")

[node name="CollisionShape3D5" type="CollisionShape3D" parent="Solution Area/StaticBody3D" unique_id=410318202]
transform = Transform3D(-4.371139e-08, 0, -1, 0, 1, 0, 1, 0, -4.371139e-08, -3.6, 1.1, 1.6000001)
shape = SubResource("BoxShape3D_kjfgv")

[node name="CollisionShape3D6" type="CollisionShape3D" parent="Solution Area/StaticBody3D" unique_id=1223467420]
transform = Transform3D(-4.371139e-08, 0, -1, 0, 1, 0, 1, 0, -4.371139e-08, -0.6999998, 1.1, 1.6999998)
shape = SubResource("BoxShape3D_kjfgv")

[node name="CollisionShape3D7" type="CollisionShape3D" parent="Solution Area/StaticBody3D" unique_id=1472993426]
transform = Transform3D(-4.371139e-08, 0, -1, 0, 1, 0, 1, 0, -4.371139e-08, 0.6999998, 1.1, 0.79999995)
shape = SubResource("BoxShape3D_kjfgv")

[node name="CollisionShape3D9" type="CollisionShape3D" parent="Solution Area/StaticBody3D" unique_id=753839353]
transform = Transform3D(-4.371139e-08, 0, -1, 0, 1, 0, 1, 0, -4.371139e-08, 0.6999998, 1.1, 2.3)
shape = SubResource("BoxShape3D_kjfgv")

[node name="CollisionShape3D8" type="CollisionShape3D" parent="Solution Area/StaticBody3D" unique_id=459087552]
transform = Transform3D(-4.371139e-08, 0, -1, 0, 1, 0, 1, 0, -4.371139e-08, -2.3000002, 1.1, 0.7000003)
shape = SubResource("BoxShape3D_kjfgv")

[node name="turnstile" parent="Solution Area/StaticBody3D" unique_id=597974019 instance=ExtResource("10_7af4h")]
transform = Transform3D(1, 0, 0, 0, 1, 0, 0, 0, 1, -0.49551964, 1.8849969e-06, 3.5831723)

[editable path="footballfield/pole_with_rope10"]
[editable path="darts/pole_with_rope15"]
[editable path="bowling/pole_with_rope22"]
